image: floor_5.yaml.pgm
resolution: 0.020000
origin: [-29.160923, -18.528162, 0.000000]
negate: 0
occupied_thresh: 0.65
free_thresh: 0.196

