image: bokdo2.pgm
resolution: 0.020000
origin: [-17.234687, -11.862874, 0.000000]
negate: 0
occupied_thresh: 0.65
free_thresh: 0.196

