image: bokdo.pgm
resolution: 0.020000
origin: [-20.498623, -11.157864, 0.000000]
negate: 0
occupied_thresh: 0.65
free_thresh: 0.196

