image: map1.pgm
resolution: 0.020000
origin: [-7.351780, -1.613232, 0.000000]
negate: 0
occupied_thresh: 0.65
free_thresh: 0.196

